PEAKPART 20260605 20260604 20260602
PEAKLOCK 20260605 20260604 20260602
PEAKPART 20260604 20260602 20260601
PEAKLOCK 20260604 20260602 20260601
PEAKPART 20260916 20260915 20260914
PEAKLOCK 20260916 20260915 20260914
PEAKPART 20260911 20260910 20260909
PEAKLOCK 20260911 20260910 20260909
PEAKPART 20260909 20260908 20260907
PEAKLOCK 20260909 20260908 20260907
PEAKPART 20260908 20260907 20260904
PEAKLOCK 20260908 20260907 20260904
PEAKPART 20260907 20260904 20260903
PEAKLOCK 20260907 20260904 20260903
PEAKPART 20260831 20260828 20260827
PEAKLOCK 20260831 20260828 20260827
PEAKPART 20260827 20260826 20260825
PEAKLOCK 20260827 20260826 20260825
PEAKPART 20260825 20260824 20260821
PEAKLOCK 20260825 20260824 20260821
PEAKPART 20260824 20260821 20260820
PEAKLOCK 20260824 20260821 20260820
PEAKPART 20260821 20260820 20260819
PEAKLOCK 20260821 20260820 20260819
PEAKPART 20260820 20260819 20260818
PEAKLOCK 20260820 20260819 20260818
PEAKPART 20260819 20260818 20260814
PEAKLOCK 20260819 20260818 20260814
PEAKPART 20260818 20260814 20260813
PEAKLOCK 20260818 20260814 20260813
PEAKPART 20260814 20260813 20260812
PEAKLOCK 20260814 20260813 20260812
