PEAKLOCK 20260527 20260526 20260522
PEAKPART 20260527 20260526 20260522
PEAKLOCK 20260528 20260527 20260526
PEAKPART 20260528 20260527 20260526
PEAKLOCK 20260529 20260528 20260527
PEAKPART 20260529 20260528 20260527
PEAKLOCK 20260601 20260529 20260528
PEAKPART 20260601 20260529 20260528
PEAKLOCK 20260602 20260601 20260529
PEAKPART 20260602 20260601 20260529
PEAKLOCK 20260608 20260605 20260604
PEAKPART 20260608 20260605 20260604
PEAKLOCK 20260609 20260608 20260605
PEAKPART 20260609 20260608 20260605
PEAKLOCK 20260610 20260609 20260608
PEAKPART 20260610 20260609 20260608
PEAKLOCK 20260612 20260611 20260610
PEAKPART 20260612 20260611 20260610
PEAKLOCK 20260615 20260612 20260611
PEAKPART 20260615 20260612 20260611
PEAKLOCK 20260616 20260615 20260612
PEAKPART 20260616 20260615 20260612
PEAKLOCK 20260617 20260616 20260615
PEAKPART 20260617 20260616 20260615
PEAKLOCK 20260618 20260617 20260616
PEAKPART 20260618 20260617 20260616
PEAKLOCK 20260622 20260619 20260618
PEAKPART 20260622 20260619 20260618
PEAKLOCK 20260623 20260622 20260619
PEAKPART 20260623 20260622 20260619
PEAKLOCK 20260624 20260623 20260622
PEAKPART 20260624 20260623 20260622
PEAKLOCK 20260625 20260624 20260623
PEAKPART 20260625 20260624 20260623
PEAKLOCK 20260626 20260625 20260624
PEAKPART 20260626 20260625 20260624
PEAKLOCK 20260630 20260629 20260626
PEAKPART 20260630 20260629 20260626
PEAKLOCK 20260701 20260630 20260629
PEAKPART 20260701 20260630 20260629
PEAKLOCK 20260703 20260702 20260701
PEAKPART 20260703 20260702 20260701
PEAKLOCK 20260706 20260703 20260702
PEAKPART 20260706 20260703 20260702
PEAKLOCK 20260709 20260708 20260707
PEAKPART 20260709 20260708 20260707
PEAKLOCK 20260710 20260709 20260708
PEAKPART 20260710 20260709 20260708
PEAKLOCK 20260714 20260713 20260710
PEAKPART 20260714 20260713 20260710
PEAKLOCK 20260716 20260715 20260714
PEAKPART 20260716 20260715 20260714
PEAKLOCK 20260720 20260716 20260715
PEAKPART 20260720 20260716 20260715
PEAKLOCK 20260721 20260720 20260716
PEAKPART 20260721 20260720 20260716
PEAKLOCK 20260722 20260721 20260720
PEAKPART 20260722 20260721 20260720
PEAKLOCK 20260723 20260722 20260721
PEAKPART 20260723 20260722 20260721
PEAKLOCK 20260727 20260724 20260723
PEAKPART 20260727 20260724 20260723
PEAKLOCK 20260728 20260727 20260724
PEAKPART 20260728 20260727 20260724
PEAKLOCK 20260731 20260730 20260729
PEAKPART 20260731 20260730 20260729
PEAKLOCK 20260803 20260731 20260730
PEAKPART 20260803 20260731 20260730
PEAKLOCK 20260804 20260803 20260731
PEAKPART 20260804 20260803 20260731
PEAKLOCK 20260805 20260804 20260803
PEAKPART 20260805 20260804 20260803
PEAKLOCK 20260806 20260805 20260804
PEAKPART 20260806 20260805 20260804
PEAKLOCK 20260807 20260806 20260805
PEAKPART 20260807 20260806 20260805
PEAKLOCK 20260810 20260807 20260806
PEAKPART 20260810 20260807 20260806
PEAKLOCK 20260811 20260810 20260807
PEAKPART 20260811 20260810 20260807
PEAKLOCK 20260813 20260812 20260811
PEAKPART 20260813 20260812 20260811
PEAKLOCK 20260814 20260813 20260812
PEAKPART 20260814 20260813 20260812
PEAKLOCK 20260818 20260814 20260813
PEAKPART 20260818 20260814 20260813
PEAKLOCK 20260819 20260818 20260814
PEAKPART 20260819 20260818 20260814
PEAKLOCK 20260820 20260819 20260818
PEAKPART 20260820 20260819 20260818
PEAKLOCK 20260821 20260820 20260819
PEAKPART 20260821 20260820 20260819
PEAKLOCK 20260824 20260821 20260820
PEAKPART 20260824 20260821 20260820
PEAKLOCK 20260825 20260824 20260821
PEAKPART 20260825 20260824 20260821
PEAKLOCK 20260827 20260826 20260825
PEAKPART 20260827 20260826 20260825
PEAKLOCK 20260831 20260828 20260827
PEAKPART 20260831 20260828 20260827
PEAKLOCK 20260907 20260904 20260903
PEAKPART 20260907 20260904 20260903
PEAKLOCK 20260908 20260907 20260904
PEAKPART 20260908 20260907 20260904
PEAKLOCK 20260909 20260908 20260907
PEAKPART 20260909 20260908 20260907
PEAKLOCK 20260911 20260910 20260909
PEAKPART 20260911 20260910 20260909
PEAKLOCK 20260916 20260915 20260914
PEAKPART 20260916 20260915 20260914
PEAKLOCK 20260604 20260602 20260601
PEAKPART 20260604 20260602 20260601
PEAKLOCK 20260605 20260604 20260602
PEAKPART 20260605 20260604 20260602
