UPFASTRS 20260527 20260526 20260522
UPFASTRS 20260528 20260527 20260526
UPFASTRS 20260529 20260528 20260527
UPFASTRS 20260601 20260529 20260528
UPFASTRS 20260602 20260601 20260529
UPFASTRS 20260604 20260602 20260601
UPFASTRS 20260605 20260604 20260602
UPFASTRS 20260608 20260605 20260604
UPFASTRS 20260609 20260608 20260605
UPFASTRS 20260610 20260609 20260608
UPFASTRS 20260611 20260610 20260609
UPFASTRS 20260612 20260611 20260610
UPFASTRS 20260615 20260612 20260611
UPFASTRS 20260616 20260615 20260612
UPFASTRS 20260617 20260616 20260615
UPFASTRS 20260618 20260617 20260616
UPFASTRS 20260619 20260618 20260617
UPFASTRS 20260622 20260619 20260618
UPFASTRS 20260623 20260622 20260619
UPFASTRS 20260624 20260623 20260622
UPFASTRS 20260625 20260624 20260623
UPFASTRS 20260626 20260625 20260624
UPFASTRS 20260629 20260626 20260625
UPFASTRS 20260630 20260629 20260626
UPFASTRS 20260701 20260630 20260629
UPFASTRS 20260702 20260701 20260630
UPFASTRS 20260703 20260702 20260701
UPFASTRS 20260706 20260703 20260702
UPFASTRS 20260707 20260706 20260703
UPFASTRS 20260708 20260707 20260706
UPFASTRS 20260709 20260708 20260707
UPFASTRS 20260710 20260709 20260708
UPFASTRS 20260713 20260710 20260709
UPFASTRS 20260714 20260713 20260710
UPFASTRS 20260715 20260714 20260713
UPFASTRS 20260716 20260715 20260714
UPFASTRS 20260720 20260716 20260715
UPFASTRS 20260721 20260720 20260716
UPFASTRS 20260722 20260721 20260720
UPFASTRS 20260723 20260722 20260721
UPFASTRS 20260724 20260723 20260722
UPFASTRS 20260727 20260724 20260723
UPFASTRS 20260728 20260727 20260724
UPFASTRS 20260729 20260728 20260727
UPFASTRS 20260730 20260729 20260728
UPFASTRS 20260731 20260730 20260729
UPFASTRS 20260803 20260731 20260730
UPFASTRS 20260804 20260803 20260731
UPFASTRS 20260805 20260804 20260803
UPFASTRS 20260806 20260805 20260804
UPFASTRS 20260807 20260806 20260805
UPFASTRS 20260810 20260807 20260806
UPFASTRS 20260811 20260810 20260807
UPFASTRS 20260812 20260811 20260810
UPFASTRS 20260813 20260812 20260811
UPFASTRS 20260814 20260813 20260812
UPFASTRS 20260818 20260814 20260813
UPFASTRS 20260819 20260818 20260814
UPFASTRS 20260820 20260819 20260818
UPFASTRS 20260821 20260820 20260819
UPFASTRS 20260824 20260821 20260820
UPFASTRS 20260825 20260824 20260821
UPFASTRS 20260826 20260825 20260824
UPFASTRS 20260827 20260826 20260825
UPFASTRS 20260828 20260827 20260826
UPFASTRS 20260831 20260828 20260827
UPFASTRS 20260903 20260831 20260828
UPFASTRS 20260904 20260903 20260831
UPFASTRS 20260907 20260904 20260903
UPFASTRS 20260908 20260907 20260904
UPFASTRS 20260909 20260908 20260907
UPFASTRS 20260910 20260909 20260908
UPFASTRS 20260911 20260910 20260909
UPFASTRS 20260914 20260911 20260910
UPFASTRS 20260915 20260914 20260911
UPFASTRS 20260916 20260915 20260914
UPFASTRS 20260917 20260916 20260915
UPFASTRS 20260918 20260917 20260916
UPFASTRS 20260921 20260918 20260917
UPFASTRS 20260922 20260921 20260918
UPFASTRS 20260923 20260922 20260921
UPFASTRS 20260928 20260923 20260922
UPFASTRS 20260929 20260928 20260923
UPFASTRS 20260930 20260929 20260928
UPFASTRS 20261001 20260930 20260929
