======================================================================================================================
[A] '오늘은 러너 나는 날인가' — 오전 정보만으로 일단위 판별이 되는가
======================================================================================================================
  러너 날(당일 최대 MFE>=3%) 51일 / 그 외 23일 (총 74일)
  feature            러너날 평균      그외 평균     러너날 중앙      그외 중앙     AUC
  --------------------------------------------------------------------
  오전range%            3.937      3.044      3.368      2.764   0.629
  오전|누적|%             2.539      1.567      2.251      1.300   0.692
  전일range%            7.630      7.315      7.112      5.959   0.565
  갭%                  3.749      3.191      2.698      2.511   0.509
  오전거래량배              1.817      1.922      1.890      1.969   0.447

======================================================================================================================
[B] +1.5% 미도달 거래 — 규모
======================================================================================================================
  30일 IS     미도달  26건 / 전체  69건  평균 net  -1.18%  승률 15.4%  실현   -3,017,433 KRW  (같은창 도달분   +8,321,134)
  앞48일 OOS   미도달  39건 / 전체  89건  평균 net  -1.59%  승률  2.6%  실현   -6,003,508 KRW  (같은창 도달분  +18,341,576)
  78일        미도달  65건 / 전체 158건  평균 net  -1.43%  승률  7.7%  실현   -9,020,941 KRW  (같은창 도달분  +26,662,710)

======================================================================================================================
[B1] 진입필터 — 진입시점 feature 의 '미도달' 판별력 AUC (0.5=무정보)
======================================================================================================================
  feature              30일 IS     앞48일 OOS          78일
  ----------------------------------------------------------
  직전봉mom                0.479        0.375        0.418
  ema20기울기              0.570        0.549        0.554
  N1추세ok                0.571        0.546        0.553
  UP_RED                0.525        0.565        0.548
  ema20_50%             0.564        0.537        0.545
  gapΔ                  0.411        0.478        0.465
  gap가속                 0.461        0.468        0.465
  3봉mom                 0.449        0.484        0.471
  진입시각                  0.496        0.546        0.529   <= 창끼리 방향 반대
  entry_chop            0.434        0.537        0.492   <= 창끼리 방향 반대

==================================================================================================================================
[B2] 조기중단 — 진입 M분 시점 net <= floor 면 그 봉 종가 청산
==================================================================================================================================
    M분  floor   절단   개선   악화   30d uplift        OOS48          78d   PF78   미도달절단  >=3손  >=5손  >=8손
  ------------------------------------------------------------------------------------------------------------------------------
     5  -0.30   54   34   20     -148,985     -676,965     -825,950  3.026      41     6     1     0
     5   0.00   76   45   31   -1,545,796   -1,360,382   -2,906,179  3.025      50    14     3     1
     5   0.30  100   52   48   -1,842,512   -5,271,510   -7,114,022  2.577      58    24     7     3
     5   0.50  112   55   57   -2,173,323   -8,054,540  -10,227,863  2.189      61    32    11     4
    10  -0.30   31   18   13     -743,448   -1,300,716   -2,044,165  2.589      20     6     3     0
    10   0.00   43   25   18   -1,328,719   -1,847,358   -3,176,077  2.584      28    10     4     1
    10   0.30   55   28   27   -2,155,937   -2,314,343   -4,470,280  2.530      31    13     5     1
    10   0.50   66   35   31   -1,770,941   -2,834,042   -4,604,983  2.665      37    16     6     1
    15  -0.30   18   10    8     -726,803   -1,300,954   -2,027,757  2.492      12     3     2     1
    15   0.00   31   17   14   -1,450,477   -1,601,474   -3,051,951  2.532      19     6     4     2
    15   0.30   42   21   21   -1,405,129   -2,715,700   -4,120,829  2.514      23    10     5     2
    15   0.50   50   24   26   -2,314,582   -3,581,635   -5,896,217  2.362      26    14     6     3
    20  -0.30   19   10    9   -1,326,956     -768,025   -2,094,982  2.458      12     3     1     0
    20   0.00   29   18   11     -648,914   -1,642,804   -2,291,718  2.588      20     5     2     1
    20   0.30   40   20   20   -2,166,515   -1,372,621   -3,539,135  2.494      21     9     2     1
    20   0.50   45   22   23   -2,133,171   -2,333,150   -4,466,321  2.400      23    12     3     1
    30  -0.30   13    8    5     -652,213     +425,512     -226,701  2.687       9     1     0     0
    30   0.00   20   12    8     -413,110     -733,874   -1,146,984  2.663      12     3     2     1
    30   0.30   31   16   15     -242,932   -2,101,080   -2,344,012  2.615      17     5     3     2
    30   0.50   34   18   16     -300,855   -2,005,983   -2,306,838  2.629      17     5     3     2
    45  -0.30    7    3    4     -295,422     -620,164     -915,586  2.594       6     1     1     1
    45   0.00    9    5    4      -89,644     -440,904     -530,548  2.693       8     1     1     1
    45   0.30   12    6    6     -150,393     -379,378     -529,771  2.707       9     1     1     1
    45   0.50   14    6    8     -231,250     -379,378     -610,628  2.699      10     1     1     1

  30d·OOS48 동시 양수 조합: 0개  []
