==========================================================================================================================
[H3] 러너날 게이트 — 하이닉스 당일 |누적변화| 기준 (AUC 0.692 축)
==========================================================================================================================
  ORACLE 상한 재확인 (미래정보): 일단위 예지 78일 +1,878,813 / 거래단위 예지 +4,498,217

(1) 도달 시점 기준 — |09:00~도달봉 누적| >= X 면 러너날로 보고 현행 유지
     X%   절단   개선   악화   30d uplift        OOS48          78d   PF78  >=3손  >=5손  >=8손   동시양수
  ----------------------------------------------------------------------------------------------------------------------
    0.5    9    3    6     -489,533   -1,144,609   -1,634,142  2.525     6     4     2       
    1.0   26   12   14     -698,336   -1,836,372   -2,534,708  2.523    13     7     3       
    1.3   32   14   18     -635,667   -2,739,858   -3,375,525  2.438    17     9     4       
    1.6   44   16   28   -1,671,794   -5,045,474   -6,717,268  2.102    28    13     6       
    2.0   52   18   34   -2,289,885   -5,469,850   -7,759,736  2.005    33    15     6       
    2.5   60   20   40   -2,564,277   -6,178,756   -8,743,033  1.905    39    16     6       
    3.0   71   23   48   -2,766,971   -7,396,036  -10,163,007  1.768    47    18     6       

(2) 오전 확정 기준 — 09:00~10:00 |누적| < X 이고 도달이 10:00 이후일 때만 절단
     X%   절단   개선   악화   30d uplift        OOS48          78d   PF78  >=3손  >=5손  >=8손   동시양수
  ----------------------------------------------------------------------------------------------------------------------
    1.0   14    6    8     +332,316   -1,927,585   -1,595,270  2.557     9     2     1       
    1.3   17    7   10     +302,105   -2,242,040   -1,939,935  2.524    11     3     1       
    1.6   20    8   12     +430,790   -2,746,802   -2,316,012  2.487    13     3     1       
    2.0   28   12   16     +458,175   -3,051,318   -2,593,142  2.460    17     4     1       
    2.5   33   13   20     +458,175   -4,543,757   -4,085,582  2.315    21     6     1       
    3.0   36   13   23     +318,584   -4,802,790   -4,484,206  2.277    22     6     1       

  (1) 동시양수 0칸 / (2) 동시양수 0칸
