========================================================================================================================================
[P2] confirmation-path 진입 배제 규칙 (removal-only)
========================================================================================================================================
  BASE 30일 IS        5,303,701 KRW  PF 2.439  MDD  -1.70%  거래 69
  BASE 앞48일 OOS     12,338,068 KRW  PF 2.775  MDD  -3.08%  거래 89
  BASE 78일          17,641,769 KRW  PF 2.658  MDD  -3.08%  거래 158

  규칙                   제외   B제거   A제거  >=3  >=5  >=8   30d uplift        OOS48          78d   PF78   MDD78   동시양수
  ------------------------------------------------------------------------------------------------------------------------------------
  R1 ETF역행 >=3봉        45    30    15    8    3    1     -426,424   +1,451,376   +1,024,952  4.077   -1.76       
  R2 ETF추종 <= 0%       43    31    12    3    2    1     -856,616   +3,162,937   +2,306,321  4.493   -1.70       
  R3 하이닉스 미갱신          48    28    20   11    5    3     -463,498   -1,880,656   -2,344,154  3.277   -2.42       
  R1+R2 (or)           54    35    19    8    3    1     -386,996   +2,228,813   +1,841,817  4.892   -1.47       
  R1&R2 (and)          34    26     8    3    2    1     -896,045   +2,385,500   +1,489,455  3.825   -1.98       
  R1+R3 (or)           61    35    26   14    7    3     -438,289   -1,406,424   -1,844,714  3.989   -1.47       
  R2&R3 (and)          31    24     7    2    1    1     -621,653   +1,963,230   +1,341,577  3.604   -2.39       

  임계 민감도 — ETF 역행봉수 >= X (confirmation 5봉 중)
     X   제외   B   A  >=3  >=8          30d        OOS48          78d   PF78   동시양수
     2  103  50  53   32    4   -3,044,504   -3,566,615   -6,611,119  6.165       
     3   45  30  15    8    1     -426,424   +1,451,376   +1,024,952  4.077       
     4   16  14   2    1    1     -719,185   +1,664,257     +945,071  3.178       
     5    3   3   0    0    0           +0     +220,044     +220,044  2.746       

  임계 민감도 — ETF 추종% <= X
        X%   제외   B   A  >=3  >=8          30d        OOS48          78d   PF78   동시양수
     -0.30   19  13   6    3    1     -740,378   +1,127,640     +387,262  3.165       
     -0.10   31  23   8    3    1     -855,604   +2,453,433   +1,597,828  3.870       
      0.00   43  31  12    3    1     -856,616   +3,162,937   +2,306,321  4.493       
      0.10   49  33  16    7    2     -704,660   +1,557,880     +853,220  4.433       
      0.30   65  37  28   14    3   -1,384,220     -901,315   -2,285,535  4.034       

  30일·OOS48 동시 양수 규칙: 0개
