============================================================================================================================
[R1] weak 43건의 내부 구조
============================================================================================================================
  30일 IS     weak 17건  수익  8 / 손실  9  MFE>=3% 2건 / >=5% 2 / >=8% 1  실현     +905,053
  앞48일 OOS   weak 26건  수익  3 / 손실 23  MFE>=3% 1건 / >=5% 0 / >=8% 0  실현   -3,568,903
  78일        weak 43건  수익 11 / 손실 32  MFE>=3% 3건 / >=5% 2 / >=8% 1  실현   -2,663,851

  weak 43건 전수 (회복 feature 포함)
  날짜        진입    창      MFE   net%        KRW    추종%    회복폭    끝1분    끝2분  방향일치 gap재확대    후-초
  20260528  11:06 OOS   0.05  -1.32   -105,134   0.00   0.90   0.48   0.58     1      1   1.16
  20260602  09:39 OOS   0.58  -1.53   -152,804  -0.76   0.64  -0.60  -1.03     0      1  -1.31
  20260604  09:39 OOS   0.22  -2.11   -210,607  -0.15   0.75   0.00  -0.40     0      1  -0.66
  20260605  09:45 OOS   0.92  -1.64   -163,424  -0.27   1.21  -0.76  -1.32     0      1  -2.39
  20260609  10:39 OOS   1.24  -0.29    -28,867   0.00   0.67  -0.16  -0.55     0      1  -1.11
  20260611  09:09 OOS   0.06  -3.64   -364,194  -2.50   1.04  -0.44  -0.34     0      1   1.82
  20260611  12:18 OOS   0.11  -1.88   -150,229  -0.83   0.17  -0.13   0.07     0      1   0.96
  20260615  09:57 OOS   4.18   3.95    395,108  -0.30   0.04  -1.03  -0.69     0      1  -1.08
  20260615  13:15 OOS   0.31  -2.29   -228,494  -0.07   0.24   0.05   0.04     1      1   0.15
  20260617  10:18 OOS   2.17   0.92     92,078  -0.05   0.39   0.03  -0.29     0      1  -0.52
  20260619  09:06 OOS   0.20  -2.20   -220,313  -0.01   0.68  -0.49  -0.13     0      1  -0.98
  20260619  09:42 OOS   0.65  -1.78   -170,948  -1.40   0.48   0.31  -0.14     0      1   1.13
  20260624  10:39 OOS   0.26  -2.28   -226,782  -0.20   0.63   0.39  -0.01     0      1   0.17
  20260625  09:51 OOS  -0.05  -1.39   -139,452  -0.29   0.00  -0.08  -0.17     0      1  -0.04
  20260629  09:36 OOS  -0.01  -1.32   -131,656  -0.31   0.00  -0.11  -0.19     0      1  -0.08
  20260702  09:45 OOS  -0.09  -1.33   -133,263  -0.39   0.19  -0.08  -0.12     0      1   0.15
  20260708  09:42 OOS   0.10  -1.34   -134,168  -0.23   0.11  -0.08  -0.23     0      1  -0.23
  20260709  09:06 OOS   0.02  -1.45   -144,655  -0.23   0.08  -0.08  -0.11     0      1  -0.00
  20260710  09:06 OOS  -0.01  -1.41   -141,064  -0.49   0.08  -0.15  -0.19     0      1   0.11
  20260715  09:45 OOS  -1.46  -3.23   -322,900  -0.17   0.11  -1.07   0.11     1      1   0.40
  20260715  11:18 OOS  -0.32  -1.26   -151,024  -0.13   0.64   0.64   0.20     0      1   0.53
  20260727  09:06 OOS   0.59   0.44     43,558  -0.11   0.15  -0.11  -0.15     0      1  -0.19
  20260730  09:36 OOS  -0.05  -1.40   -139,658  -0.31   0.12  -0.04  -0.15     0      1  -0.00
  20260731  09:06 OOS  -0.09  -1.37   -137,289  -0.41   0.15  -0.04  -0.08     0      1   0.26
  20260803  13:06 OOS   0.23  -2.06   -205,939   0.00   0.11  -0.32  -0.58     0      1  -1.17
  20260804  09:06 OOS   1.59  -2.97   -296,783  -0.87   0.73  -1.23  -2.13     0      1  -3.42
  20260806  09:06 IS    8.39   8.28    827,379  -2.28   0.67  -0.83  -1.64     0      1  -0.99  <== 20260806 weak runner
  20260810  11:09 IS    2.01   0.42     40,561  -0.09   0.70   0.61   0.56     1      1   1.21
  20260811  09:06 IS    2.53   0.52     52,083  -2.56   1.56   0.57   0.31     1      1   3.17
  20260814  13:06 IS   -0.15  -1.31   -131,145  -0.12   0.18  -0.18  -0.55     0      1  -0.98
  20260820  09:24 IS    6.74   4.44    355,164  -0.95   0.00  -0.80  -1.53     0      1  -2.11
  20260821  10:12 IS    0.29  -1.38   -110,510  -0.52   0.38   0.23  -0.60     0      1  -0.67
  20260825  09:33 IS    1.90  -0.32    -25,351  -0.34   0.11  -0.73  -1.01     0      1  -1.69
  20260826  09:24 IS   -0.04  -0.82    -82,244  -0.77   0.54   0.15  -0.24     0      1   0.29
  20260826  10:21 IS    0.06  -1.81   -181,463  -0.10   0.64   0.20   0.10     1      1   0.30
  20260908  12:18 IS    2.11  -0.09     -8,992   0.00   0.33   0.04   0.21     1      1   0.42
  20260910  14:27 IS    1.04  -0.01       -667  -0.08   0.04  -0.21   0.00     0      1   0.08
  20260911  09:18 IS    2.72   1.15    115,282  -0.23   0.09  -0.05  -0.46     0      1  -0.69
  20260911  14:48 IS    2.38   1.31    131,090  -0.13   0.27   0.13   0.13     1      1   0.40
  20260914  09:30 IS    0.79  -1.80   -180,418  -0.88   0.30   0.05  -0.29     0      1   0.29
  20260915  10:27 IS    1.29   1.14    137,015  -0.10   0.20  -0.10   0.20     1      1   0.49
  20260916  12:51 IS    1.74   0.20     19,937   0.00   0.48   0.00   0.10     0      1   0.19
  20260918  09:06 IS    0.43  -0.53    -52,667  -0.43   0.61   0.09  -0.09     0      1   0.26

================================================================================================================
회복 feature 의 판별력 (weak 43건 내부)
================================================================================================================
  feature                          수익 vs 손실      MFE>=3% vs 미만    MFE>=1.5% vs 미만
                                78일/30일/OOS        78일/30일/OOS        78일/30일/OOS
  ----------------------------------------------------------------------------------
  회복폭%(저가기준)                 0.48/0.56/0.32     0.29/0.43/0.08     0.52/0.53/0.49
  회복폭%(종가기준)                 0.55/0.53/0.43     0.25/0.13/0.32     0.59/0.50/0.62
  저점이후경과봉                    0.48/0.49/0.42     0.19/0.10/0.24     0.54/0.44/0.65
  ETF_마지막1분%                 0.51/0.46/0.45     0.05/0.00/0.08     0.46/0.42/0.28
  ETF_마지막2분%                 0.54/0.61/0.32     0.05/0.00/0.12     0.44/0.54/0.12
  마지막2분_방향일치                 0.60/0.64/0.43     0.39/0.30/0.44     0.59/0.60/0.43
  gap_재확대                    0.50/0.50/0.50     0.50/0.50/0.50     0.50/0.50/0.50
  후반-초반_momentum             0.51/0.58/0.29     0.12/0.03/0.20     0.41/0.47/0.14
  후반_momentum%               0.55/0.61/0.35     0.05/0.00/0.12     0.44/0.54/0.13
  진입직전_vs_시작%                0.53/0.45/0.68     0.17/0.07/0.40     0.47/0.49/0.43
