기준 C1: n=158 78d=438.6268 30d=66.48 PF=2.658 MDD=-8.91

========================================================================================================================================================
1. R1 임계값 민감도 (plateau 확인) — 값이 작을수록 더 많이 제거
========================================================================================================================================================
임계값           n       78d      ΔC1     30d     Δ30     PF     MDD     -T1     -T3    -T10     앞39     뒤39                        5분할    WF6   제거   신규 run8
      0.20  103   283.248  -155.38   34.69  -31.79  3.026   -9.72 -139.57 -112.80  -57.64  -43.73  -30.04  -3.8 -12.6  -7.3 -19.3  -4.2   0승6패   65   10    0
      0.40  124   329.000  -109.63   48.87  -17.61  2.817   -8.91  -98.47  -82.47  -45.51  -33.49  -17.92  -6.7  -3.0  -9.8 -13.8  +0.4   0승6패   42    8    0
      0.60  142   437.714    -0.91   64.43   -2.05  2.912   -8.91   -0.82   -0.69   -0.40   -5.08   +3.65  +3.6  -1.6  -5.6  -0.2  +2.3   3승3패   26   10    0
      0.80  144   433.142    -5.49   64.08   -2.40  2.865   -8.91   -4.93   -4.13   -2.40   -6.74   +3.21  +3.5  -2.4  -5.6  -0.5  +2.3   3승3패   24   10    0
      0.90  146   447.385    +8.76   68.15   +1.67  2.884   -8.91   +7.87   +6.59   +3.83   -6.26   +8.35  +0.0  +1.6  -5.6  +2.5  +2.8   4승1패   18    6    0
      1.00  148   481.702   +43.08   68.15   +1.67  2.949   -8.91  +38.69  +32.41  +18.85   +9.90   +8.35  +0.0 +10.5  -5.6  +2.5  +2.8   4승1패   17    7    0
      1.10  151   484.534   +45.91   71.72   +5.24  2.902   -8.91  +41.24  +34.54  +20.09   +5.52  +12.85  +0.0  +7.1  -4.5  +5.0  +3.4   3승2패   12    5    0
      1.20  153   467.176   +28.55   71.72   +5.24  2.803   -8.91  +25.65  +21.48  +12.50   +5.52   +6.42  +0.0  +7.1  -4.5  +0.3  +3.4   3승2패   10    5    0
      1.50  155   432.461    -6.17   70.63   +4.15  2.699   -8.91   -5.54   -4.64   -2.70   -9.38   +5.09  +0.0  -1.1  -4.5  -0.7  +3.4   1승3패    6    3    0
      2.00  157   448.142    +9.51   65.74   -0.74  2.699   -8.91   +8.55   +7.16   +4.16   +5.87   -0.91  +0.0  +0.0  +3.6  -0.7  +0.0   1승1패    2    1    0
      3.00  158   438.627    +0.00   66.48   +0.00  2.658   -8.91   +0.00   +0.00   +0.00   +0.00   +0.00  +0.0  +0.0  +0.0  +0.0  +0.0   0승0패    0    0    0

저장: e10.pkl
