기준 C1: n=158 78d=438.6268 30d=66.48

후보                        n       78d      ΔC1     30d     Δ30     PF     MDD    승률    일승률     -T1     -T3    -T10     앞39     뒤39    WF6   신규   소멸  run8
veto -1 (현행)            158   438.627    +0.00   66.48   +0.00  2.658   -8.91  53.8   73.0   +0.00   +0.00   +0.00   +0.00   +0.00   0승0패    0    0     0   150s
veto -1.25              159   431.564    -7.06   66.48   +0.00  2.626   -8.91  53.5   73.0   -6.34   -5.31   -3.09   +0.00   -2.67   0승1패    1    0     0   146s
veto -1.5               163   406.724   -31.90   64.91   -1.57  2.501   -8.91  52.1   73.3  -28.66  -24.00  -13.96   -9.95   -4.57   1승4패    6    1     0   150s
veto -2                 163   406.724   -31.90   64.91   -1.57  2.501   -8.91  52.1   73.3  -28.66  -24.00  -13.96   -9.95   -4.57   1승4패    6    1     0   150s
veto -2.5               164   391.876   -46.75   64.91   -1.57  2.438   -8.91  51.8   72.4  -41.99  -35.17  -20.46  -17.40   -4.57   1승4패    8    2     0   151s
veto -3                 165   413.462   -25.16   71.29   +4.81  2.476   -8.91  52.1   72.4  -22.60  -18.93  -11.01  -17.40   +4.18   2승3패   10    3     0   155s
veto -5                 165   413.462   -25.16   71.29   +4.81  2.476   -8.91  52.1   72.4  -22.60  -18.93  -11.01  -17.40   +4.18   2승3패   10    3     0   160s
veto -999               165   413.462   -25.16   71.29   +4.81  2.476   -8.91  52.1   72.4  -22.60  -18.93  -11.01  -17.40   +4.18   2승3패   10    3     0   174s

저장: e6.pkl
