20260527 20260526 20260522 1
20260528 20260527 20260526 1
20260529 20260528 20260527 1
20260601 20260529 20260528 1
20260602 20260601 20260529 1
20260604 20260602 20260601 1
20260605 20260604 20260602 1
20260608 20260605 20260604 1
20260609 20260608 20260605 1
20260610 20260609 20260608 1
20260611 20260610 20260609 1
20260612 20260611 20260610 1
20260615 20260612 20260611 1
20260616 20260615 20260612 1
20260617 20260616 20260615 1
20260618 20260617 20260616 1
20260619 20260618 20260617 1
20260622 20260619 20260618 1
20260623 20260622 20260619 1
20260624 20260623 20260622 1
20260625 20260624 20260623 1
20260626 20260625 20260624 1
20260629 20260626 20260625 1
20260630 20260629 20260626 1
20260701 20260630 20260629 1
20260702 20260701 20260630 1
20260703 20260702 20260701 1
20260706 20260703 20260702 1
20260707 20260706 20260703 1
20260708 20260707 20260706 1
20260709 20260708 20260707 1
20260710 20260709 20260708 1
20260713 20260710 20260709 1
20260714 20260713 20260710 1
20260715 20260714 20260713 1
20260716 20260715 20260714 1
20260720 20260716 20260715 1
20260721 20260720 20260716 1
20260722 20260721 20260720 1
20260723 20260722 20260721 1
20260724 20260723 20260722 1
20260727 20260724 20260723 1
20260728 20260727 20260724 1
20260729 20260728 20260727 1
20260730 20260729 20260728 1
20260731 20260730 20260729 1
20260803 20260731 20260730 1
20260804 20260803 20260731 1
20260805 20260804 20260803 1
20260806 20260805 20260804 1
20260807 20260806 20260805 1
20260810 20260807 20260806 1
20260811 20260810 20260807 1
20260812 20260811 20260810 1
20260813 20260812 20260811 1
20260814 20260813 20260812 1
20260818 20260814 20260813 1
20260819 20260818 20260814 1
20260820 20260819 20260818 1
20260821 20260820 20260819 1
20260824 20260821 20260820 1
20260825 20260824 20260821 1
20260826 20260825 20260824 1
20260827 20260826 20260825 1
20260828 20260827 20260826 1
20260831 20260828 20260827 1
20260903 20260831 20260828 1
20260904 20260903 20260831 1
20260907 20260904 20260903 1
20260908 20260907 20260904 1
20260909 20260908 20260907 1
20260910 20260909 20260908 1
20260911 20260910 20260909 1
20260914 20260911 20260910 1
20260915 20260914 20260911 1
20260916 20260915 20260914 1
20260917 20260916 20260915 1
20260918 20260917 20260916 1
20260921 20260918 20260917 1
20260922 20260921 20260918 1
20260923 20260922 20260921 1
20260928 20260923 20260922 1
20260929 20260928 20260923 1
20260930 20260929 20260928 1
20261001 20260930 20260929 1
20261002 20261001 20260930 1
