======================================================================================================================
1. DETECTOR 민감도 — plateau 확인 (최적점 탐색 아님)
======================================================================================================================
 K  H50  TP1  탐지_9월  오탐_비9월  ON거래  ON평균H50  ON평균TP1  ON_MFE평균  ON_MFE3이상
 8  0.3 0.15   77.3     4.2    23    0.484    0.098     1.621       21.7
 8  0.3 0.20   77.3     4.2    23    0.484    0.098     1.621       21.7
 8  0.3 0.25  100.0     6.3    31    0.480    0.137     1.634       16.1
 8  0.4 0.15   54.5     0.7    13    0.567    0.087     1.867       23.1
 8  0.4 0.20   54.5     0.7    13    0.567    0.087     1.867       23.1
 8  0.4 0.25   72.7     1.4    18    0.556    0.132     1.828       16.7
 8  0.5 0.15   54.5     0.7    13    0.567    0.087     1.867       23.1
 8  0.5 0.20   54.5     0.7    13    0.567    0.087     1.867       23.1
 8  0.5 0.25   72.7     1.4    18    0.556    0.132     1.828       16.7
10  0.3 0.15   50.0     4.2    17    0.465    0.082     1.929       29.4
10  0.3 0.20  100.0     7.0    32    0.453    0.138     1.474       15.6
10  0.3 0.25  100.0     7.0    32    0.453    0.138     1.474       15.6
10  0.4 0.15   50.0     1.4    13    0.515    0.085     1.969       30.8
10  0.4 0.20   95.5     2.8    25    0.496    0.140     1.539       16.0
10  0.4 0.25   95.5     2.8    25    0.496    0.140     1.539       16.0
10  0.5 0.15   36.4     0.0     8    0.587    0.075     2.423       37.5
10  0.5 0.20   63.6     0.7    15    0.560    0.133     1.885       20.0
10  0.5 0.25   63.6     0.7    15    0.560    0.133     1.885       20.0
12  0.3 0.15   27.3     2.1     9    0.481    0.083     2.629       44.4
12  0.3 0.20   90.9     4.2    26    0.465    0.138     1.935       23.1
12  0.3 0.25   95.5     4.9    28    0.464    0.146     1.836       21.4
12  0.4 0.15   27.3     0.0     6    0.556    0.083     1.960       33.3
12  0.4 0.20   86.4     0.7    20    0.504    0.142     1.860       20.0
12  0.4 0.25   90.9     1.4    22    0.500    0.152     1.740       18.2
12  0.5 0.15   18.2     0.0     4    0.625    0.083     1.087        0.0
12  0.5 0.20   50.0     0.0    11    0.576    0.136     1.587        9.1
12  0.5 0.25   54.5     0.0    12    0.569    0.146     1.531        8.3

[비교] 전체 MFE평균 2.414 · MFE>=3% 비율 35.2%

[월별 탐지율]
  K=10 H50>=0.40 TP1<=0.20
        거래  탐지  탐지율%
ym                  
202605   7   0   0.0
202606  50   3   6.0
202607  30   0   0.0
202608  56   1   1.8
202609  22  21  95.5

======================================================================================================================
2. REGIME 내부 거래 특성 — detector ON/OFF (K=10 H50>=0.40 TP1<=0.20)
======================================================================================================================
 구분  거래   승률  평균net    PF     복리  MDD기여  MFE평균  MAE평균  MFE15  MFE25  MFE3  MFE5  TP1율  C1발동  H50율  RED  BLUE
 ON  25 48.0  0.153 1.263   3.47  -6.26  1.539 -0.884   40.0   20.0  16.0   4.0   8.0   0.0  48.0   16     9
OFF 140 55.0  1.202 2.829 435.04  -8.91  2.570 -0.969   59.3   41.4  38.6  13.6  31.4   5.0  15.0   69    71
 전체 165 53.9  1.043 2.624 453.60  -8.91  2.414 -0.956   56.4   38.2  35.2  12.1  27.9   4.2  20.0   85    80

[slot 별]
                   거래     승률    MFE    net
on    slot_number                         
False 1            61  0.525  2.832  1.368
      2            45  0.578  2.853  1.478
      3            34  0.559  1.727  0.540
True  1            13  0.462  1.770  0.219
      2             9  0.556  1.267  0.176
      3             3  0.333  1.352 -0.200

[시간대별]
                   거래     승률    MFE    net
on    tb                                  
False 09:00~10:00  76  0.539  3.037  1.554
      10:00~11:30  31  0.581  2.154  0.875
      11:30~13:00  14  0.786  2.650  1.467
      13:00~14:00  12  0.333  1.273 -0.038
      14:00~        7  0.429  1.415  0.427
True  09:00~10:00  12  0.417  1.711  0.068
      10:00~11:30   7  0.429  0.881 -0.218
      11:30~13:00   3  0.667  2.346  1.031
      14:00~        3  0.667  1.575  0.480

saved r2.pkl
