D_Q1_S1        거래 165  복리  458.3567  PF 2.684  MDD  -8.906  승률  55.1%  (160s)
saved
======================================================================================================================================================
9. 강건성 — BASE 대비 복리 델타 (bootstrap 10,000 · 일 단위 복원추출)
======================================================================================================================================================
          후보  거래   승률    PF   MDD     전체    Δ전체    9월   Δ9월   뒤28  Δ뒤28  Δtop1제외  Δtop3제외  Δtop5제외  LOO최소  LOO중앙  LOO<=0   bs평균           bsCI  P(>0)%  MFE3  MFE5  MFE8  일평균자본
     P0_BASE 165 53.9 2.624 -8.91 453.60   0.00  8.73  0.00 49.50  0.00     0.00     0.00     0.00   0.00   0.00      78   0.00     [0.0, 0.0]     0.0    58    20     9  2.215
P2_lock12_06 169 54.4 2.561 -8.91 426.50 -27.10  3.40 -5.32 42.19 -7.32   -24.34   -20.39   -17.37 -32.29 -26.54      77 -29.00 [-133.8, 22.7]    29.8    57    19     9  2.263
   H1_hold45 170 53.5 2.574 -8.91 445.06  -8.54  7.05 -1.68 47.20 -2.31    -7.67    -6.43    -5.48 -17.47  -8.34      76  -9.30  [-98.5, 54.4]    43.5    57    19     9  2.279
  S1_size085 165 53.9 2.651 -8.91 451.05  -2.55  7.08 -1.65 47.78 -1.72    -2.29    -1.92    -1.63  -6.69  -2.48      76  -3.35  [-24.7, 11.4]    38.0    58    20     9  2.164
   Q1_part10 165 55.2 2.662 -8.91 462.34   8.73 10.44  1.71 51.86  2.36     7.84     6.57     5.60  -0.50   8.51       1   8.51  [-28.3, 42.4]    72.7    58    20     9  2.215
   Q2_part12 165 55.2 2.639 -8.91 459.85   6.25  9.95  1.23 51.19  1.69     5.61     4.70     4.01   1.90   6.09       0   5.97  [-28.7, 33.3]    70.3    58    20     9  2.215
     D_Q1_S1 165 55.2 2.684 -8.91 458.36   4.75  8.50 -0.23 49.74  0.23     4.27     3.58     3.05  -2.94   4.59       1   3.81  [-43.1, 38.3]    63.5    58    20     9  2.164
