
======================================================================================================================
§6  민감도 격자 — production 그대로 (MIN_MULT=0.25)
======================================================================================================================
  오전s3  front       78d Δ       70d Δ      30d Δ      78d KRW     PF   MDD%      -T10 Δ  cap    사용률
----------------------------------------------------------------------------------------------------------------------
  0.00   1.00    +239,481    +142,960    +91,894   17,881,249  2.767  -2.76    +239,481    6  64.9%
  0.00   1.02    +537,430    +429,818   +148,402   18,179,199  2.775  -2.81    +367,058   16  65.7%
  0.00   1.05    +970,846    +844,643   +216,501   18,612,614  2.785  -2.89    +539,307   18  66.9%
  0.00   1.08  +1,397,129  +1,255,664   +283,544   19,038,897  2.795  -2.97    +709,432   18  68.0%
  0.00   1.10  +1,685,237  +1,532,177   +327,762   19,327,006  2.802  -3.02    +823,163   18  68.8%

  0.10   1.00    +239,481    +142,960    +91,894   17,881,249  2.767  -2.76    +239,481    6  64.9%
  0.10   1.02    +537,430    +429,818   +148,402   18,179,199  2.775  -2.81    +367,058   16  65.7%
  0.10   1.05    +970,846    +844,643   +216,501   18,612,614  2.785  -2.89    +539,307   18  66.9%
  0.10   1.08  +1,397,129  +1,255,664   +283,544   19,038,897  2.795  -2.97    +709,432   18  68.0%
  0.10   1.10  +1,685,237  +1,532,177   +327,762   19,327,006  2.802  -3.02    +823,163   18  68.8%

  0.25   1.00    +249,178    +152,657   +104,868   17,890,947  2.766  -2.76    +249,178    6  64.9%
  0.25   1.02    +547,127    +439,515   +161,376   18,188,896  2.775  -2.81    +376,755   16  65.8%
  0.25   1.05    +980,543    +854,340   +229,475   18,622,312  2.785  -2.89    +549,004   18  66.9%  <== P2
  0.25   1.08  +1,406,826  +1,265,361   +296,519   19,048,595  2.795  -2.97    +719,130   18  68.1%
  0.25   1.10  +1,694,935  +1,541,874   +340,736   19,336,703  2.801  -3.02    +832,860   18  68.9%

  0.40   1.00    +196,894    +124,000    +87,954   17,838,663  2.741  -2.84    +196,894    6  65.5%
  0.40   1.02    +494,844    +410,858   +144,462   18,136,612  2.750  -2.89    +324,471   16  66.3%
  0.40   1.05    +928,259    +825,684   +212,561   18,570,028  2.761  -2.97    +496,721   18  67.5%
  0.40   1.08  +1,354,542  +1,236,704   +279,604   18,996,311  2.771  -3.05    +666,846   18  68.7%
  0.40   1.10  +1,642,651  +1,513,217   +323,822   19,284,419  2.777  -3.10    +780,576   18  69.5%

  0.50   1.00    +161,149    +105,215    +76,815   17,802,917  2.725  -2.89    +161,149    6  65.9%
  0.50   1.02    +459,098    +392,073   +133,323   18,100,867  2.733  -2.94    +288,726   16  66.7%
  0.50   1.05    +892,514    +806,899   +201,422   18,534,283  2.744  -3.02    +460,975   18  67.9%
  0.50   1.08  +1,318,797  +1,217,919   +268,466   18,960,565  2.754  -3.10    +631,100   18  69.1%
  0.50   1.10  +1,608,581  +1,496,108   +314,359   19,250,350  2.762  -3.16    +746,507   19  69.8%

  0.75   1.00     +80,297     +66,451    +57,439   17,722,065  2.686  -3.03     +80,297    7  66.8%
  0.75   1.02    +382,067    +357,130   +117,768   18,023,835  2.696  -3.08    +211,694   17  67.6%
  0.75   1.05    +826,241    +777,586   +191,498   18,468,010  2.710  -3.15    +394,702   21  68.7%
  0.75   1.08  +1,265,265  +1,189,515   +258,358   18,907,034  2.725  -3.19    +577,569   24  69.8%
  0.75   1.10  +1,553,987  +1,458,949   +292,766   19,195,755  2.735  -3.21    +691,912   24  70.4%

  1.00   1.00          +0          +0         +0   17,641,769  2.658  -3.08          +0   12  67.2%
  1.00   1.02    +298,875    +280,091    +47,011   17,940,643  2.670  -3.10    +128,502   22  67.9%
  1.00   1.05    +732,570    +683,914   +100,557   18,374,338  2.685  -3.15    +301,031   24  69.0%
  1.00   1.08  +1,159,956  +1,084,206   +153,048   18,801,724  2.699  -3.19    +472,259   24  70.0%
  1.00   1.10  +1,448,677  +1,353,640   +187,456   19,090,446  2.709  -3.21    +586,603   24  70.7%

  격자 최고점: 오전s3=0.25 front=1.10  Δ=+1,694,935 KRW

======================================================================================================================
§6-plateau  0.25 / 1.05 주변이 고원인가 (production MIN_MULT=0.25 기준)
======================================================================================================================
  P2 (0.25/1.05) = +980,543 KRW
  이웃                    Δ KRW       P2 대비
  ----------------------------------------
  0.10/1.02          +537,430    -443,113
  0.10/1.05          +970,846      -9,697
  0.10/1.08        +1,397,129    +416,585
  0.25/1.02          +547,127    -433,416
  0.25/1.05          +980,543          +0
  0.25/1.08        +1,406,826    +426,283
  0.40/1.02          +494,844    -485,700
  0.40/1.05          +928,259     -52,284
  0.40/1.08        +1,354,542    +373,999

  이웃 9칸 전부 양수: True
  이웃 9칸 최소 +494,844 / 최대 +1,406,826 / 폭 911,982
  P2 가 이웃 대비 튀는가(최대값이면서 2위와 격차 큰가): P2 순위 4/9

  front=1.05 고정, 오전 slot3 축:
    0.00 ->     +970,846 KRW
    0.10 ->     +970,846 KRW
    0.25 ->     +980,543 KRW
    0.40 ->     +928,259 KRW
    0.50 ->     +892,514 KRW
    0.75 ->     +826,241 KRW
    1.00 ->     +732,570 KRW

======================================================================================================================
§6  민감도 격자 — MIN_MULT 완화 = 0.05  ** production 상수 아님, 참고용 **
======================================================================================================================
  오전s3  front       78d Δ       70d Δ      30d Δ      78d KRW     PF   MDD%      -T10 Δ  cap    사용률
----------------------------------------------------------------------------------------------------------------------
  0.00   1.00    +319,835    +188,443   +124,542   17,961,603  2.802  -2.64    +319,835    6  64.2%
  0.00   1.02    +617,784    +475,301   +181,051   18,259,552  2.810  -2.69    +447,411   16  65.0%
  0.00   1.05  +1,051,200    +890,126   +249,150   18,692,968  2.820  -2.77    +619,661   18  66.2%
  0.00   1.08  +1,477,482  +1,301,147   +316,193   19,119,251  2.829  -2.85    +789,786   18  67.4%
  0.00   1.10  +1,765,591  +1,577,660   +360,411   19,407,360  2.835  -2.90    +903,517   18  68.1%

  0.10   1.00    +304,711    +180,974   +121,715   17,946,480  2.793  -2.67    +304,711    6  64.4%
  0.10   1.02    +602,661    +467,832   +178,223   18,244,429  2.801  -2.72    +432,288   16  65.2%
  0.10   1.05  +1,036,076    +882,657   +246,322   18,677,845  2.811  -2.80    +604,538   18  66.4%
  0.10   1.08  +1,462,359  +1,293,678   +313,366   19,104,128  2.820  -2.88    +774,663   18  67.6%
  0.10   1.10  +1,750,468  +1,570,191   +357,584   19,392,236  2.827  -2.93    +888,393   18  68.3%

  0.25   1.00    +250,678    +152,657   +104,868   17,892,447  2.767  -2.75    +250,678    6  64.9%
  0.25   1.02    +548,627    +439,515   +161,376   18,190,396  2.775  -2.80    +378,255   16  65.8%
  0.25   1.05    +982,043    +854,340   +229,475   18,623,812  2.786  -2.88    +550,504   18  66.9%  <== P2
  0.25   1.08  +1,408,326  +1,265,361   +296,519   19,050,095  2.795  -2.96    +720,630   18  68.1%
  0.25   1.10  +1,696,435  +1,541,874   +340,736   19,338,203  2.802  -3.02    +834,360   18  68.9%

  0.40   1.00    +196,894    +124,000    +87,954   17,838,663  2.741  -2.84    +196,894    6  65.5%
  0.40   1.02    +494,844    +410,858   +144,462   18,136,612  2.750  -2.89    +324,471   16  66.3%
  0.40   1.05    +928,259    +825,684   +212,561   18,570,028  2.761  -2.97    +496,721   18  67.5%
  0.40   1.08  +1,354,542  +1,236,704   +279,604   18,996,311  2.771  -3.05    +666,846   18  68.7%
  0.40   1.10  +1,642,651  +1,513,217   +323,822   19,284,419  2.777  -3.10    +780,576   18  69.5%

  0.50   1.00    +161,149    +105,215    +76,815   17,802,917  2.725  -2.89    +161,149    6  65.9%
  0.50   1.02    +459,098    +392,073   +133,323   18,100,867  2.733  -2.94    +288,726   16  66.7%
  0.50   1.05    +892,514    +806,899   +201,422   18,534,283  2.744  -3.02    +460,975   18  67.9%
  0.50   1.08  +1,318,797  +1,217,919   +268,466   18,960,565  2.754  -3.10    +631,100   18  69.1%
  0.50   1.10  +1,608,581  +1,496,108   +314,359   19,250,350  2.762  -3.16    +746,507   19  69.8%

  0.75   1.00     +80,297     +66,451    +57,439   17,722,065  2.686  -3.03     +80,297    7  66.8%
  0.75   1.02    +382,067    +357,130   +117,768   18,023,835  2.696  -3.08    +211,694   17  67.6%
  0.75   1.05    +826,241    +777,586   +191,498   18,468,010  2.710  -3.15    +394,702   21  68.7%
  0.75   1.08  +1,265,265  +1,189,515   +258,358   18,907,034  2.725  -3.19    +577,569   24  69.8%
  0.75   1.10  +1,553,987  +1,458,949   +292,766   19,195,755  2.735  -3.21    +691,912   24  70.4%

  1.00   1.00          +0          +0         +0   17,641,769  2.658  -3.08          +0   12  67.2%
  1.00   1.02    +298,875    +280,091    +47,011   17,940,643  2.670  -3.10    +128,502   22  67.9%
  1.00   1.05    +732,570    +683,914   +100,557   18,374,338  2.685  -3.15    +301,031   24  69.0%
  1.00   1.08  +1,159,956  +1,084,206   +153,048   18,801,724  2.699  -3.19    +472,259   24  70.0%
  1.00   1.10  +1,448,677  +1,353,640   +187,456   19,090,446  2.709  -3.21    +586,603   24  70.7%

  격자 최고점: 오전s3=0.00 front=1.10  Δ=+1,765,591 KRW
