================================================================================================================
§16-5  예산 cap 이 실제로 주문을 깎은 거래 전량
================================================================================================================

[A 현행]  cap 발동 12건 / 총 158건   잘린 금액 합계 33,600,000 KRW
  날짜        시각     sl 세션           전략계산         남은예산         실제주문          잘림    net%       손익KRW
  20260602  10:21   3 오전      9,600,000    8,000,000    8,000,000  -1,600,000    0.13      10,292
  20260604  10:36   3 오전      9,600,000    8,000,000    8,000,000  -1,600,000   -1.89    -150,439
  20260610  12:39   3 오후     12,000,000    8,000,000    8,000,000  -4,000,000    4.45     355,641
  20260611  12:18   3 오후     12,000,000    8,000,000    8,000,000  -4,000,000   -1.88    -150,229
  20260619  10:24   3 오전     12,000,000   10,400,000   10,400,000  -1,600,000   -0.64     -66,905
  20260622  12:21   3 오후     12,000,000    8,000,000    8,000,000  -4,000,000   -2.28    -181,860
  20260720  13:18   3 오후     12,000,000    8,000,000    8,000,000  -4,000,000   -1.66    -132,915
  20260804  13:00   3 오후     12,000,000   10,400,000   10,400,000  -1,600,000    0.99     103,340
  20260807  10:15   3 오전     12,000,000   10,400,000   10,400,000  -1,600,000    2.29     238,148
  20260828  10:15   3 오전     12,000,000   10,400,000   10,400,000  -1,600,000    1.14     118,676
  20260831  10:06   3 오전     12,000,000    8,000,000    8,000,000  -4,000,000   -0.86     -68,438
  20260915  14:00   3 오후     12,000,000    8,000,000    8,000,000  -4,000,000    0.13      10,740

[D P0]  cap 발동 6건 / 총 158건   잘린 금액 합계 21,600,000 KRW
  날짜        시각     sl 세션           전략계산         남은예산         실제주문          잘림    net%       손익KRW
  20260610  12:39   3 오후     12,000,000    8,000,000    8,000,000  -4,000,000    4.45     355,641
  20260611  12:18   3 오후     12,000,000    8,000,000    8,000,000  -4,000,000   -1.88    -150,229
  20260622  12:21   3 오후     12,000,000    8,000,000    8,000,000  -4,000,000   -2.28    -181,860
  20260720  13:18   3 오후     12,000,000    8,000,000    8,000,000  -4,000,000   -1.66    -132,915
  20260804  13:00   3 오후     12,000,000   10,400,000   10,400,000  -1,600,000    0.99     103,340
  20260915  14:00   3 오후     12,000,000    8,000,000    8,000,000  -4,000,000    0.13      10,740

[E P1]  cap 발동 16건 / 총 158건   잘린 금액 합계 28,192,000 KRW
  날짜        시각     sl 세션           전략계산         남은예산         실제주문          잘림    net%       손익KRW
  20260609  12:12   3 오후     10,000,000    9,600,000    9,600,000    -400,000    4.23     405,878
  20260610  12:39   3 오후     12,000,000    7,560,000    7,560,000  -4,440,000    4.45     335,596
  20260611  12:18   3 오후     12,000,000    7,560,000    7,560,000  -4,440,000   -1.88    -142,008
  20260615  13:15   3 오후     10,000,000    9,600,000    9,600,000    -400,000   -2.29    -219,682
  20260616  14:12   3 오후     10,000,000    9,600,000    9,600,000    -400,000   -1.27    -121,731
  20260618  11:12   3 오후     10,000,000    9,600,000    9,600,000    -400,000    3.29     314,908
  20260622  12:21   3 오후     12,000,000    7,560,000    7,560,000  -4,440,000   -2.28    -171,922
  20260624  13:18   3 오후     10,000,000    9,600,000    9,600,000    -400,000   -1.23    -117,893
  20260720  13:18   3 오후     12,000,000    7,560,000    7,560,000  -4,440,000   -1.66    -125,497
  20260803  13:06   3 오후     10,000,000    9,600,000    9,600,000    -400,000   -2.06    -197,624
  20260804  13:00   3 오후     12,000,000   10,008,000   10,008,000  -1,992,000    0.99      99,409
  20260811  11:51   3 오후     10,000,000    9,600,000    9,600,000    -400,000    2.15     206,423
  20260819  11:09   3 오후     10,000,000    9,600,000    9,600,000    -400,000    1.00      95,510
  20260827  13:39   3 오후     10,000,000    9,600,000    9,600,000    -400,000    2.38     228,195
  20260908  12:18   3 오후     10,000,000    9,600,000    9,600,000    -400,000   -0.09      -8,634
  20260915  14:00   3 오후     12,000,000    7,560,000    7,560,000  -4,440,000    0.13      10,147

[C P2]  cap 발동 18건 / 총 158건   잘린 금액 합계 39,160,000 KRW
  날짜        시각     sl 세션           전략계산         남은예산         실제주문          잘림    net%       손익KRW
  20260609  12:12   3 오후     10,000,000    9,000,000    9,000,000  -1,000,000    4.23     380,812
  20260610  12:39   3 오후     12,000,000    6,900,000    6,900,000  -5,100,000    4.45     306,498
  20260611  12:18   3 오후     12,000,000    6,900,000    6,900,000  -5,100,000   -1.88    -129,537
  20260615  13:15   3 오후     10,000,000    9,000,000    9,000,000  -1,000,000   -2.29    -205,833
  20260616  14:12   3 오후     10,000,000    9,000,000    9,000,000  -1,000,000   -1.27    -114,308
  20260618  11:12   3 오후     10,000,000    9,000,000    9,000,000  -1,000,000    3.29     295,226
  20260622  12:21   3 오후     12,000,000    6,900,000    6,900,000  -5,100,000   -2.28    -157,016
  20260624  13:18   3 오후     10,000,000    9,000,000    9,000,000  -1,000,000   -1.23    -110,532
  20260720  13:18   3 오후     12,000,000    6,900,000    6,900,000  -5,100,000   -1.66    -114,575
  20260803  13:06   3 오후     10,000,000    9,000,000    9,000,000  -1,000,000   -2.06    -185,248
  20260804  13:00   3 오후     12,000,000    9,420,000    9,420,000  -2,580,000    0.99      93,561
  20260810  11:09   3 오후      9,600,000    9,000,000    9,000,000    -600,000    0.42      38,023
  20260811  11:51   3 오후     10,000,000    9,000,000    9,000,000  -1,000,000    2.15     193,443
  20260813  14:24   3 오후     12,000,000   11,520,000   11,520,000    -480,000    3.22     370,274
  20260819  11:09   3 오후     10,000,000    9,000,000    9,000,000  -1,000,000    1.00      89,552
  20260827  13:39   3 오후     10,000,000    9,000,000    9,000,000  -1,000,000    2.38     213,893
  20260908  12:18   3 오후     10,000,000    9,000,000    9,000,000  -1,000,000   -0.09      -8,091
  20260915  14:00   3 오후     12,000,000    6,900,000    6,900,000  -5,100,000    0.13       9,267

[F P3]  cap 발동 18건 / 총 158건   잘린 금액 합계 57,520,000 KRW
  날짜        시각     sl 세션           전략계산         남은예산         실제주문          잘림    net%       손익KRW
  20260609  12:12   3 오후     10,000,000    8,000,000    8,000,000  -2,000,000    4.23     338,392
  20260610  12:39   3 오후     12,000,000    5,800,000    5,800,000  -6,200,000    4.45     257,355
  20260611  12:18   3 오후     12,000,000    5,800,000    5,800,000  -6,200,000   -1.88    -108,845
  20260615  13:15   3 오후     10,000,000    8,000,000    8,000,000  -2,000,000   -2.29    -183,173
  20260616  14:12   3 오후     10,000,000    8,000,000    8,000,000  -2,000,000   -1.27    -101,318
  20260618  11:12   3 오후     10,000,000    8,000,000    8,000,000  -2,000,000    3.29     262,809
  20260622  12:21   3 오후     12,000,000    5,800,000    5,800,000  -6,200,000   -2.28    -132,171
  20260624  13:18   3 오후     10,000,000    8,000,000    8,000,000  -2,000,000   -1.23     -98,301
  20260720  13:18   3 오후     12,000,000    5,800,000    5,800,000  -6,200,000   -1.66     -96,235
  20260803  13:06   3 오후     10,000,000    8,000,000    8,000,000  -2,000,000   -2.06    -164,751
  20260804  13:00   3 오후     12,000,000    8,440,000    8,440,000  -3,560,000    0.99      83,781
  20260810  11:09   3 오후      9,600,000    8,000,000    8,000,000  -1,600,000    0.42      33,809
  20260811  11:51   3 오후     10,000,000    8,000,000    8,000,000  -2,000,000    2.15     171,914
  20260813  14:24   3 오후     12,000,000   10,640,000   10,640,000  -1,360,000    3.22     341,959
  20260819  11:09   3 오후     10,000,000    8,000,000    8,000,000  -2,000,000    1.00      79,561
  20260827  13:39   3 오후     10,000,000    8,000,000    8,000,000  -2,000,000    2.38     190,056
  20260908  12:18   3 오후     10,000,000    8,000,000    8,000,000  -2,000,000   -0.09      -7,200
  20260915  14:00   3 오후     12,000,000    5,800,000    5,800,000  -6,200,000    0.13       7,786

================================================================================================================
§17  하루 예산 3,000만원 초과 여부 (절대 위반 0 이어야 함)
================================================================================================================
  A 현행     최대 일사용액   30,000,000 KRW   초과일수 0
  D P0     최대 일사용액   30,000,000 KRW   초과일수 0
  E P1     최대 일사용액   30,000,000 KRW   초과일수 0
  C P2     최대 일사용액   30,000,000 KRW   초과일수 0
  F P3     최대 일사용액   30,000,000 KRW   초과일수 0

================================================================================================================
§2  진입원장 표본 (P2, 예산이 깎였거나 오전 slot3 인 거래)
================================================================================================================
날짜        시각     sl 세션      배수   W1a    적용        전략금액          잔여         실주문        잘림    수량      진입가   net%      손익KRW        방향
----------------------------------------------------------------------------------------------------------------
20260602  10:21   3 오전    0.25  0.96  0.25   2,500,000   6,900,000   2,500,000        -0    84   29,680   0.13      3,214    UP_RED
20260604  10:36   3 오전    0.25  0.96  0.25   2,500,000   6,900,000   2,500,000        -0    85   29,225  -1.89    -46,840    UP_RED
20260609  12:12   3 오후    1.00  1.00  1.00  10,000,000   9,000,000   9,000,000 -1,000,000   395   22,765   4.23    380,812    UP_RED
20260610  12:39   3 오후    1.00  1.20  1.20  12,000,000   6,900,000   6,900,000 -5,100,000   474   14,545   4.45    306,498 DOWN_BLUE
20260611  12:18   3 오후    1.00  1.20  1.20  12,000,000   6,900,000   6,900,000 -5,100,000   457   15,085  -1.88   -129,537 DOWN_BLUE
20260615  13:15   3 오후    1.00  1.00  1.00  10,000,000   9,000,000   9,000,000 -1,000,000   327   27,480  -2.29   -205,833    UP_RED
20260616  14:12   3 오후    1.00  1.00  1.00  10,000,000   9,000,000   9,000,000 -1,000,000   308   29,210  -1.27   -114,308    UP_RED
20260618  11:12   3 오후    1.00  1.00  1.00  10,000,000   9,000,000   9,000,000 -1,000,000   255   35,240   3.29    295,226    UP_RED
20260619  10:24   3 오전    0.25  1.20  0.30   3,000,000   9,420,000   3,000,000        -0    70   42,430  -0.64    -19,116    UP_RED
20260622  12:21   3 오후    1.00  1.20  1.20  12,000,000   6,900,000   6,900,000 -5,100,000   158   43,560  -2.28   -157,016    UP_RED
20260624  13:18   3 오후    1.00  1.00  1.00  10,000,000   9,000,000   9,000,000 -1,000,000   976    9,215  -1.23   -110,532 DOWN_BLUE
20260720  13:18   3 오후    1.00  1.20  1.20  12,000,000   6,900,000   6,900,000 -5,100,000   556   12,400  -1.66   -114,575 DOWN_BLUE
20260803  13:06   3 오후    1.00  1.00  1.00  10,000,000   9,000,000   9,000,000 -1,000,000   958    9,385  -2.06   -185,248 DOWN_BLUE
20260804  13:00   3 오후    1.00  1.20  1.20  12,000,000   9,420,000   9,420,000 -2,580,000   928   10,145   0.99     93,561 DOWN_BLUE
20260807  10:15   3 오전    0.25  1.20  0.30   3,000,000   9,420,000   3,000,000        -0   280   10,700   2.29     68,673 DOWN_BLUE
20260810  11:09   3 오후    1.00  0.96  0.96   9,600,000   9,000,000   9,000,000  -600,000   839   10,720   0.42     38,023 DOWN_BLUE
20260811  11:51   3 오후    1.00  1.00  1.00  10,000,000   9,000,000   9,000,000 -1,000,000  1222    7,360   2.15    193,443    UP_RED
20260813  14:24   3 오후    1.00  1.20  1.20  12,000,000  11,520,000  11,520,000  -480,000  1360    8,465   3.22    370,274 DOWN_BLUE
20260819  11:09   3 오후    1.00  1.00  1.00  10,000,000   9,000,000   9,000,000 -1,000,000   977    9,210   1.00     89,552 DOWN_BLUE
20260821  10:21   3 오전    0.25  1.00  0.25   2,500,000  11,100,000   2,500,000        -0   226   11,045  -2.40    -59,852    UP_RED
20260826  10:21   3 오전    0.25  1.00  0.25   2,500,000  11,100,000   2,500,000        -0   246   10,140  -1.81    -45,274    UP_RED
20260827  13:39   3 오후    1.00  1.00  1.00  10,000,000   9,000,000   9,000,000 -1,000,000  1346    6,685   2.38    213,893 DOWN_BLUE
20260828  10:15   3 오전    0.25  1.20  0.30   3,000,000   9,420,000   3,000,000        -0   434    6,900   1.14     34,177 DOWN_BLUE
20260831  10:06   3 오전    0.25  1.20  0.30   3,000,000   6,900,000   3,000,000        -0   382    7,835  -0.86    -25,605 DOWN_BLUE
20260908  12:18   3 오후    1.00  1.00  1.00  10,000,000   9,000,000   9,000,000 -1,000,000   745   12,065  -0.09     -8,091    UP_RED
20260915  14:00   3 오후    1.00  1.20  1.20  12,000,000   6,900,000   6,900,000 -5,100,000  1032    6,685   0.13      9,267 DOWN_BLUE

================================================================================================================
§3  복리 수익률 (자기자본이 늘면 기준금액도 같이 늘린다고 볼 때)
================================================================================================================
전략            78d 단리%    78d 복리%      월환산(21일)       엔진식 복리%
----------------------------------------------------------------------------------------------------------------
A 현행           58.81%     78.39%        16.86%       438.63%
D P0           59.64%     79.89%        17.13%       452.70%
E P1           60.63%     81.64%        17.43%       467.98%
C P2           62.07%     84.19%        17.87%       490.61%
F P3           64.46%     88.48%        18.61%       529.95%

  주: '엔진식 복리' 는 기존 연구가 쓰던 정의 (노출배수를 자기자본 비율로 간주).
      실제 3,000만원 고정예산 계약에서는 '단리%' 가 현실이고, '복리%' 는
      번 돈을 같은 비율로 재투자했을 때다.
