20260903 20260831 20260828
20260904 20260903 20260831
20260907 20260904 20260903
20260908 20260907 20260904
20260909 20260908 20260907
20260910 20260909 20260908
20260911 20260910 20260909
20260914 20260911 20260910
20260915 20260914 20260911
20260916 20260915 20260914
20260917 20260916 20260915
20260918 20260917 20260916
20260921 20260918 20260917
20260922 20260921 20260918
20260923 20260922 20260921
20260928 20260923 20260922
20260929 20260928 20260923
20260930 20260929 20260928
20261001 20260930 20260929
20261002 20261001 20260930
20261006 20261002 20261001
