기준 C1: n=158 78d=438.6268 30d=66.48 PF=2.658 MDD=-8.91

후보                            n       78d      ΔC1     30d     Δ30     PF     MDD     -T3    -T10     앞39     뒤39                        5분할    WF6   신규   소멸 run8
A1 오후진입 금지                  118   324.821  -113.81   42.71  -23.77  2.797   -8.91  -85.62  -49.81  -27.63  -24.30  -5.8  -0.4  -7.3  -7.7 -10.2   1승5패    0   40    0    23s
A2 오전 최대2 (오후예약)            157   423.336   -15.29   64.13   -2.35  2.640   -9.51  -11.50   -6.69   -3.82   -2.88  -0.9  -1.1  +0.0  -1.8  -0.3   1승4패    7    8    0    35s
A3 13시 이후 금지                141   431.401    -7.23   56.44  -10.04  2.856   -8.91   -5.44   -3.16   +5.73   -7.01  +6.3  +1.8  -3.4  -2.1  -4.3   3승3패    0   17    0    31s
A4 그날 4번째 플래그부터 금지          158   438.627    +0.00   66.48   +0.00  2.658   -8.91   +0.00   +0.00   +0.00   +0.00  +0.0  +0.0  +0.0  +0.0  +0.0   0승0패    0    0    0    32s
A5 slot3 품질 tq>=4           158   436.019    -2.61   66.48   +0.00  2.648   -9.35   -1.96   -1.14   -1.28   +0.00  -0.6  +0.0  +0.0  +0.0  +0.0   0승1패    1    1    0    32s
A6 slot3 상위추세 정렬            156   415.550   -23.08   58.78   -7.70  2.605   -8.99  -17.36  -10.10   -0.24   -8.56  -0.1  +0.0  +0.7  -8.1  +0.8   0승3패    4    6    0    33s
A7 slot2+ 품질 tq>=4          148   345.935   -92.69   58.45   -8.03  2.560   -9.35  -69.73  -38.37   -4.30  -32.30  -5.6  +3.9 -12.2 -16.1  +2.0   2승3패    3   13    0    31s
A8 slot1 품질 tq>=3           148   475.857   +37.23   60.06   -6.42  2.949   -7.39  +28.01  +16.30  +25.47   -5.08  +2.2  +5.8  +8.3  -6.8  +0.7   4승1패    1   11    0    30s
B1 slot3 절반                 158   399.673   -38.95   56.38  -10.10  2.712   -8.39  -29.30  -17.05   -5.45  -10.76  -2.8  -0.3  +0.9  -5.2  -2.5   2승4패    0    0    0    32s
B2 slot3 0.6 / slot2 1.2    158   482.768   +44.14   62.63   -3.85  2.753   -8.99  +10.25   -1.24  +17.19   +3.23  -1.0  +0.8 +13.5  -0.7  +0.7   4승2패    0    0    0    32s
B3 slot1,2 1.2 / slot3 0.6  158   583.603  +144.98   70.29   +3.81  2.762   -9.65  +82.14  +19.92  +48.38  +14.82  +2.8 +10.3 +18.2  +5.6  +0.6   6승0패    0    0    0    32s
B4 slot3 0                  158   381.754   -56.87   51.16  -15.32  2.780   -8.01  -42.79  -24.89   -6.79  -16.72  -4.9  +0.4  +2.0  -8.6  -3.5   2승4패    0    0    0    32s
B5 slot1 0.8 / 2,3 1.2      158   431.162    -7.47   62.77   -3.71  2.716   -8.34  -26.54   -8.49   -3.52   -0.11  -1.6  -7.5  +8.3  -3.6  +3.2   2승4패    0    0    0    32s

저장: s2.pkl
