기준 C1: n=158 78d=438.6268 30d=66.48 PF=2.658 MDD=-8.91 총노출합=157.28

후보                          n       78d      ΔC1     30d     Δ30     PF     MDD     노출합     수익/노출     -T3    -T10     앞39     뒤39                        5분할    WF6
기준 (1.0,1.0,1.0)          158   438.627    +0.00   66.48   +0.00  2.658   -8.91   157.3     2.789   +0.00   +0.00   +0.00   +0.00  +0.0  +0.0  +0.0  +0.0  +0.0   0승0패    32s
f1.05 (1.05,1.05,·)       158   476.815   +38.19   67.93   +1.45  2.683   -9.09   161.6     2.950  +22.89   +6.93  +13.14   +4.11  +1.5  +2.5  +4.3  +1.5  +0.4   6승0패    32s
f1.1  (1.1,1.1,·)         158   516.306   +77.68   69.53   +3.05  2.711   -9.28   165.5     3.120  +46.08  +13.53  +25.91   +8.56  +2.6  +5.1  +8.7  +3.0  +1.0   6승0패    33s
f1.15 (1.15,1.15,·)       158   557.988  +119.36   71.43   +4.95  2.741   -9.46   169.1     3.300  +70.18  +20.15  +38.45  +13.53  +3.4  +7.7 +13.3  +4.5  +1.7   6승0패    32s
f1.2  (1.2,1.2,·)         158   598.802  +160.18   72.50   +6.02  2.766   -9.65   172.5     3.471  +92.97  +25.60  +51.44  +17.51  +4.1 +10.3 +18.1  +6.0  +1.8   6승0패    36s
f1.3  (1.3,1.3,·)         158   669.866  +231.24   74.19   +7.71  2.792  -10.00   179.0     3.743 +134.29  +34.06  +72.84  +24.53  +5.9 +14.8 +25.1  +9.0  +1.6   6승0패    33s
f1.5  (1.5,1.5,·)         158   791.406  +352.78   76.83  +10.35  2.804  -12.14   191.0     4.143 +208.96  +45.98 +105.92  +36.96 +10.0 +22.0 +34.3 +14.6  +0.4   6승0패    33s
명시 (1.2,1.2,0.6)          158   583.603  +144.98   70.29   +3.81  2.762   -9.65   170.9     3.415  +82.14  +19.92  +48.38  +14.82  +2.8 +10.3 +18.2  +5.6  +0.6   6승0패    32s
명시 (1.3,1.2,0.5)          158   627.475  +188.85   72.10   +5.62  2.770   -9.97   175.2     3.582 +110.62  +26.40  +62.97  +18.47  +4.0 +15.1 +20.6  +7.8  +0.0   6승0패    33s
명시 (1.4,1.1,0.5)          158   632.359  +193.73   73.87   +7.39  2.740  -10.26   177.0     3.573 +116.96  +28.42  +65.62  +18.17  +5.2 +19.2 +15.9  +9.4  -1.4   6승0패    33s
명시 (1.5,1.0,0.5)          158   636.276  +197.65   75.60   +9.12  2.710  -10.54   178.8     3.559 +113.11  +26.25  +68.01  +17.75  +6.4 +23.4 +11.3 +10.9  -2.8   6승0패    33s
명시 (1.1,1.1,0.8)          158   507.404   +68.78   68.42   +1.94  2.712   -9.28   164.1     3.092  +39.56   +9.92  +23.35   +7.36  +1.4  +5.1  +8.9  +2.8  +0.3   6승0패    33s
역방향 (0.8,1.0,1.2)         158   371.746   -66.88   62.43   -4.05  2.631   -8.25   148.6     2.501  -50.32  -13.83  -24.05   -7.43  -2.6  -8.7  -4.5  -4.6  +1.1   0승6패    33s
역방향 (0.6,1.2,1.2)         158   360.618   -78.01   58.43   -8.05  2.700   -7.69   144.9     2.489  -76.83  -31.84  -29.20   -7.86  -5.0 -15.8  +3.7  -8.0  +3.9   1승5패    33s

저장: s3.pkl
