기준 C1: 78d=438.6268 30d=66.48 MDD=-8.91 총노출=157.28

슬롯 x 세션 교차 (대안설명 확인):
  slot1: n= 74  오전  73건 평균 +1.18  오후   1건 평균 -0.01
  slot2: n= 54  오전  37건 평균 +1.70  오후  17건 평균 +0.31
  slot3: n= 30  오전   8건 평균 -0.50  오후  22건 평균 +0.85

======================================================================================================================================================
정밀격자 (전부 총노출 157.3 으로 일치. 비교기준 = 같은 노출의 무배분 레버리지)
======================================================================================================================================================
모양(slot1,2,3)               k      노출       78d      레버리지      배분효과    30d배분     MDD     PF      앞39      뒤39                        5분할    WF6
(1.0,1.0,1.0) 균등        0.979  157.28   417.489   417.866     -0.38    -1.71   -8.98  2.607    -4.94    -2.92  -0.7  -0.9  -1.6  -1.3  -0.4   0승6패
(1.0,1.0,0.7)           1.041  157.28   447.387   417.866    +29.52    -3.37   -9.04  2.667    +8.23    -1.69  -0.9  +2.5  +4.3  -1.3  -0.8   4승2패
(1.0,1.0,0.5)           1.086  157.28   470.037   417.866    +52.17    -4.65   -9.08  2.712   +18.23    -0.85  -1.0  +5.1  +8.8  -1.3  -1.1   4승2패
(1.1,1.1,0.7)           0.959  157.28   454.337   417.866    +36.47    -3.76   -9.05  2.681   +11.29    -1.42  -0.9  +3.3  +5.7  -1.3  -0.9   4승2패
(1.2,1.2,0.6)           0.905  157.28   470.037   417.866    +52.17    -4.65   -9.08  2.712   +18.23    -0.85  -1.0  +5.1  +8.8  -1.3  -1.1   4승2패
(1.3,1.3,0.4)           0.872  157.28   494.233   417.866    +76.37    -6.01   -9.13  2.759   +28.94    -0.04  -1.2  +7.8 +13.6  -1.3  -1.5   4승2패
(1.0,1.2,0.8)           0.950  157.28   448.178   417.866    +30.31    -4.19   -8.88  2.689    +6.90    -0.39  -1.6  -1.0  +8.6  -2.2  +0.7   3승3패
(1.0,1.3,0.7)           0.936  157.28   463.003   417.866    +45.14    -5.40   -8.83  2.729   +12.61    +0.77  -2.1  -1.1 +13.6  -2.6  +1.3   3승3패
(1.0,1.4,0.6)           0.923  157.28   477.479   417.866    +59.61    -6.58   -8.79  2.768   +18.18    +1.85  -2.5  -1.1 +18.7  -3.1  +1.8   3승3패
(1.0,1.5,0.5)           0.910  157.28   491.606   417.866    +73.74    -7.74   -8.74  2.807   +23.61    +2.87  -2.9  -1.2 +23.6  -3.6  +2.3   3승3패
(1.1,1.3,0.6)           0.914  157.28   474.042   417.866    +56.18    -5.58   -8.94  2.740   +18.30    +0.53  -1.7  +2.0 +13.7  -2.1  +0.3   4승2패
(1.3,1.1,0.6)           0.897  157.28   465.510   417.866    +47.64    -3.76   -9.22  2.686   +17.97    -2.28  -0.3  +8.2  +4.2  -0.4  -2.5   5승1패

저장: s5.pkl
