====================================================================================================
ENTRY 성과 (ETF 방향정규화, breakout 다음 1분 종가 체결, 비용 미반영)
====================================================================================================
 W  M    b  n  n15  win15  avg15  med15  n30  win30  avg30  med30  n60  win60  avg60  med60  MFE   MAE
12  2 incl 21   21   66.7  0.345  0.263   19   63.2  0.637  0.502   16   62.5  0.451  0.519 1.92 -1.12
12  2 excl 16   16   75.0  0.570  0.437   14   71.4  0.877  0.918   12   75.0  0.943  1.095 2.21 -0.90
12  3 incl  4    4  100.0  0.658  0.523    3   66.7  0.613  1.949    3   66.7  0.903  1.897 1.75 -0.73
12  3 excl  1    1  100.0  0.214  0.214    0    NaN    NaN    NaN    0    NaN    NaN    NaN 0.21 -0.38
15  2 incl 22   22   63.6  0.255  0.185   21   61.9  0.614  0.466   17   64.7  0.440  0.745 1.86 -1.15
15  2 excl 21   21   66.7  0.345  0.263   19   63.2  0.637  0.502   16   62.5  0.451  0.519 1.92 -1.12
15  3 incl  5    5   80.0  0.312  0.419    4   50.0 -0.138 -0.059    4   50.0  0.065  0.284 1.40 -1.44
15  3 excl  4    4  100.0  0.658  0.523    3   66.7  0.613  1.949    3   66.7  0.903  1.897 1.75 -0.73
18  2 incl 22   22   63.6  0.255  0.185   21   61.9  0.614  0.466   17   64.7  0.440  0.745 1.86 -1.15
18  2 excl 22   22   63.6  0.255  0.185   21   61.9  0.614  0.466   17   64.7  0.440  0.745 1.86 -1.15
18  3 incl  5    5   60.0  0.135  0.263    5   40.0  0.090 -0.044    5   40.0 -1.025 -2.451 1.38 -2.47
18  3 excl  5    5   80.0  0.312  0.419    4   50.0 -0.138 -0.059    4   50.0  0.065  0.284 1.40 -1.44
21  2 incl 22   22   68.2  0.287  0.311   21   66.7  0.673  0.502   18   61.1  0.408  0.512 1.92 -1.14
21  2 excl 22   22   63.6  0.255  0.185   21   61.9  0.614  0.466   17   64.7  0.440  0.745 1.86 -1.15
21  3 incl  5    5   60.0  0.135  0.263    5   40.0  0.090 -0.044    5   40.0 -1.025 -2.451 1.38 -2.47
21  3 excl  5    5   60.0  0.135  0.263    5   40.0  0.090 -0.044    5   40.0 -1.025 -2.451 1.38 -2.47

====================================================================================================
Traceback (most recent call last):
  File "<stdin>", line 35, in <module>
UnicodeEncodeError: 'cp949' codec can't encode character '\u2014' in position 38: illegal multibyte sequence
