======================================================================================================================
[E section2b] profit-lock 스윕 — 30d / OOS48 / 78d uplift (KRW), 발동수, 발동중 MFE>=3% 건수
======================================================================================================================
  floor  확인 해제                    30d        OOS48          78d   발동  >=3%    동시양수
  ------------------------------------------------------------------------------------------------------------------
    0.0   1 없음             -1,049,819   -1,187,171   -2,236,990   18     6        
    0.0   1 MFE>=2%          -727,437     -394,372   -1,121,810   12     4        
    0.0   1 MFE>=3%        -1,049,819   -1,187,171   -2,236,990   18     6        
    0.0   1 MFE3|추세          -881,325     -114,094     -995,420   11     4        
    0.0   1 추세만              -881,325     -114,094     -995,420   11     4        
    0.0   2 없음             -1,155,484   -1,175,834   -2,331,318   16     5        
    0.0   2 MFE>=2%          -801,442     -198,963   -1,000,405   10     3        
    0.0   2 MFE>=3%        -1,155,484   -1,175,834   -2,331,318   16     5        
    0.0   2 MFE3|추세          -912,664      -30,690     -943,353   10     3        
    0.0   2 추세만              -912,664      -30,690     -943,353   10     3        
    0.3   1 없음               -932,528   -1,534,002   -2,466,530   26     7        
    0.3   1 MFE>=2%          -496,525     -318,546     -815,071   17     4        
    0.3   1 MFE>=3%          -932,528   -1,534,002   -2,466,530   26     7        
    0.3   1 MFE3|추세          -786,126     -497,978   -1,284,104   15     5        
    0.3   1 추세만              -786,126     -497,978   -1,284,104   15     5        
    0.3   2 없음             -1,117,011   -1,226,315   -2,343,325   21     5        
    0.3   2 MFE>=2%          -708,080     -299,855   -1,007,936   14     3        
    0.3   2 MFE>=3%        -1,117,011   -1,226,315   -2,343,325   21     5        
    0.3   2 MFE3|추세          -984,039      -10,431     -994,470   12     3        
    0.3   2 추세만              -984,039      -10,431     -994,470   12     3        
    0.5   1 없음             -1,966,552   -2,050,461   -4,017,013   32    11        
    0.5   1 MFE>=2%          -804,686     -261,507   -1,066,193   20     5        
    0.5   1 MFE>=3%        -1,966,552   -2,050,461   -4,017,013   32    11        
    0.5   1 MFE3|추세          -720,743     -770,870   -1,491,613   18     6        
    0.5   1 추세만              -720,743     -770,870   -1,491,613   18     6        
    0.5   2 없음             -1,052,048   -1,832,695   -2,884,743   26     7        
    0.5   2 MFE>=2%          -669,095     -261,083     -930,178   16     3        
    0.5   2 MFE>=3%        -1,052,048   -1,832,695   -2,884,743   26     7        
    0.5   2 MFE3|추세          -932,280     -290,985   -1,223,265   14     4        
    0.5   2 추세만              -932,280     -290,985   -1,223,265   14     4        
    0.8   1 없음             -2,291,460   -2,867,034   -5,158,494   48    18        
    0.8   1 MFE>=2%          -823,363     +175,793     -647,570   31     7        
    0.8   1 MFE>=3%        -2,272,709   -2,345,065   -4,617,774   46    16        
    0.8   1 MFE3|추세        -1,351,319   -1,048,714   -2,400,033   22    10        
    0.8   1 추세만            -1,351,319   -1,048,714   -2,400,033   22    10        
    0.8   2 없음             -2,055,835   -1,753,037   -3,808,872   35    12        
    0.8   2 MFE>=2%          -918,914     -226,242   -1,145,156   23     6        
    0.8   2 MFE>=3%        -2,037,085   -1,753,037   -3,790,122   34    11        
    0.8   2 MFE3|추세        -1,019,441     -316,234   -1,335,674   18     6        
    0.8   2 추세만            -1,019,441     -316,234   -1,335,674   18     6        
    1.0   1 없음             -3,236,906   -3,107,912   -6,344,818   57    25        
    1.0   1 MFE>=2%        -1,260,702     +310,420     -950,283   33     8        
    1.0   1 MFE>=3%        -3,147,975   -2,604,586   -5,752,561   54    22        
    1.0   1 MFE3|추세          -981,807   -1,477,497   -2,459,304   24    12        
    1.0   1 추세만              -981,807   -1,477,497   -2,459,304   24    12        
    1.0   2 없음             -2,452,737   -1,834,618   -4,287,356   45    17        
    1.0   2 MFE>=2%          -817,142      +53,737     -763,405   29     7        
    1.0   2 MFE>=3%        -2,363,807   -1,312,650   -3,676,456   42    14        
    1.0   2 MFE3|추세        -1,308,361     -207,915   -1,516,276   20     8        
    1.0   2 추세만            -1,308,361     -207,915   -1,516,276   20     8        
    1.2   1 없음             -3,265,092   -3,641,750   -6,906,842   65    32        
    1.2   1 MFE>=2%        -1,813,966     -465,184   -2,279,149   42    16        
    1.2   1 MFE>=3%        -2,951,577   -3,138,424   -6,090,001   61    28        
    1.2   1 MFE3|추세          -826,907   -1,606,273   -2,433,180   26    14        
    1.2   1 추세만              -826,907   -1,606,273   -2,433,180   26    14        
    1.2   2 없음             -2,761,097   -2,526,296   -5,287,393   52    22        
    1.2   2 MFE>=2%          -621,310     -235,620     -856,931   31     8        
    1.2   2 MFE>=3%        -2,451,458   -2,004,327   -4,455,785   48    18        
    1.2   2 MFE3|추세        -1,039,477     -519,668   -1,559,145   21     9        
    1.2   2 추세만            -1,039,477     -519,668   -1,559,145   21     9        

  30d 와 OOS48 이 동시에 양수인 조합: 0개
